device is -------------- cpu
sampleRate is :  1.0
F-1 =  0.5962066383828301
F-B =  0.7868388116724854
SEN =  1.0
SPE =  0.0
BAC =  0.5
ACC =  0.4247111111111111
PPV =  0.4247111111111111
NPV =  0
