device is -------------- cpu
sampleRate is :  1.0
F-1 =  0.6544465129600459
F-B =  0.8074204946996467
SEN =  0.9564671410632064
SPE =  0.2864647713226205
BAC =  0.6214659561929134
ACC =  0.5710222222222222
PPV =  0.4973878972572921
NPV =  0.8991270611057226
