device is -------------- cpu
sampleRate is :  1.0
F-1 =  0.5964780816785313
F-B =  0.7868722815342031
SEN =  0.9995814148179154
SPE =  0.001854140914709518
BAC =  0.5007177778663124
ACC =  0.4256
PPV =  0.425062299750801
NPV =  0.8571428571428571
