device is -------------- cpu
sampleRate is :  1.0
F-1 =  0.8398902104300091
F-B =  0.7955628737325592
SEN =  0.7685223943072416
SPE =  0.9545735475896168
BAC =  0.8615479709484292
ACC =  0.8755555555555555
PPV =  0.9258698940998488
NPV =  0.8481603514552444
