device is -------------- cpu
sampleRate is :  1.0
F-1 =  0.7469501568490763
F-B =  0.8302983339790779
SEN =  0.8970280452071997
SPE =  0.6273176761433868
BAC =  0.7621728606752933
ACC =  0.7418666666666667
PPV =  0.6398925052254404
NPV =  0.8919156414762741
