device is -------------- cpu
sampleRate is :  1.0
F-1 =  0.6289512956179624
F-B =  0.7972210758013482
SEN =  0.9702804520719966
SPE =  0.17676143386897405
BAC =  0.5735209429704854
ACC =  0.5137777777777778
PPV =  0.46527498996386996
NPV =  0.8895800933125972
