device is -------------- cpu
sampleRate is :  1.0
F-1 =  0.7434149935531404
F-B =  0.8010479517307081
SEN =  0.8447048974466304
SPE =  0.6841779975278122
BAC =  0.7644414474872212
ACC =  0.7523555555555556
PPV =  0.6638157894736842
NPV =  0.8564796905222437
