device is -------------- cpu
sampleRate is :  1.0
F-1 =  0.7413090385998562
F-B =  0.6817780913741401
SEN =  0.6471326915027208
SPE =  0.927070457354759
BAC =  0.78710157442874
ACC =  0.8081777777777778
PPV =  0.867564534231201
NPV =  0.78064012490242
