device is -------------- cpu
sampleRate is :  1.0
F-1 =  0.7071483474250577
F-B =  0.6233062330623306
SEN =  0.5776475512766848
SPE =  0.9585908529048207
BAC =  0.7681192020907528
ACC =  0.7968
PPV =  0.9114927344782034
NPV =  0.7545609340792995
