device is -------------- cpu
sampleRate is :  1.0
F-1 =  0.7789271108972816
F-B =  0.7148534086895089
SEN =  0.6776894097948932
SPE =  0.953955500618047
BAC =  0.8158224552064701
ACC =  0.8366222222222223
PPV =  0.9157239819004525
NPV =  0.8003629764065335
