device is -------------- cpu
sampleRate is :  1.0
F-1 =  0.7280334728033472
F-B =  0.6585040071237757
SEN =  0.6190874843030557
SPE =  0.9397404202719407
BAC =  0.7794139522874982
ACC =  0.8035555555555556
PPV =  0.8835125448028673
NPV =  0.7696785623892686
