device is -------------- cpu
sampleRate is :  1.0
F-1 =  0.764440218683147
F-B =  0.7068753296993142
SEN =  0.6730849727919631
SPE =  0.9351050679851669
BAC =  0.8040950203885651
ACC =  0.8238222222222222
PPV =  0.8844884488448845
NPV =  0.7948515891778303
