device is -------------- cpu
sampleRate is :  1.0
F-1 =  0.7826721830128984
F-B =  0.71301880099326
SEN =  0.6730849727919631
SPE =  0.965389369592089
BAC =  0.8192371711920261
ACC =  0.8412444444444445
PPV =  0.9348837209302325
NPV =  0.8
