device is -------------- cpu
sampleRate is :  2.0
F-1 =  0.9269510926118627
F-B =  0.9300868693618444
SEN =  0.9321892005023023
SPE =  0.9415945611866502
BAC =  0.9368918808444762
ACC =  0.9376
PPV =  0.921771523178808
NPV =  0.9495169834839514
