device is -------------- cpu
sampleRate is :  3.0
F-1 =  0.8414959928762243
F-B =  0.8105326357320525
SEN =  0.7911259941398074
SPE =  0.9341779975278122
BAC =  0.8626519958338098
ACC =  0.8734222222222222
PPV =  0.8987161198288159
NPV =  0.8583191368540601
