device is -------------- cpu
sampleRate is :  4.0
F-1 =  0.7917042380522994
F-B =  0.7567008532276135
SEN =  0.7350355797404772
SPE =  0.9100741656365884
BAC =  0.8225548726885328
ACC =  0.8357333333333333
PPV =  0.8578407425500733
NPV =  0.8230855226383454
