device is -------------- cpu
sampleRate is :  1.0
F-1 =  0.7083536883243772
F-B =  0.643814936506527
SEN =  0.6069485140226036
SPE =  0.9211990111248455
BAC =  0.7640737625737246
ACC =  0.7877333333333333
PPV =  0.8504398826979472
NPV =  0.7604591836734694
