device is -------------- cpu
sampleRate is :  1.0
F-1 =  0.7270870564207302
F-B =  0.6423673763984122
SEN =  0.5960652992884052
SPE =  0.9678615574783683
BAC =  0.7819634283833867
ACC =  0.8099555555555555
PPV =  0.9319371727748691
NPV =  0.7644618013180375
