device is -------------- cpu
sampleRate is :  1.0
F-1 =  0.697503285151117
F-B =  0.6047211082756107
SEN =  0.5554625366262035
SPE =  0.9724969097651421
BAC =  0.7639797231956729
ACC =  0.7953777777777777
PPV =  0.9371468926553672
NPV =  0.7476835352815395
