device is -------------- cpu
sampleRate is :  1.0
F-1 =  0.7400398406374502
F-B =  0.6644013234373601
SEN =  0.6220175805776476
SPE =  0.9564276885043264
BAC =  0.789222634540987
ACC =  0.8144
PPV =  0.9133374308543332
NPV =  0.7741370685342671
